0 0.075 0.9375 0.0171875 0.03984375
0 0.0609375 0.8453125 0.02578125 0.05
0 0.2390625 0.76953125 0.0734375 0.16484375
0 0.23984375 0.64296875 0.1546875 0.38046875
0 0.29140625 0.56640625 0.15859375 0.371875
0 0.48828125 0.42578125 0.0953125 0.31640625
0 0.52421875 0.45234375 0.0578125 0.16796875
0 0.60546875 0.284375 0.00546875 0.0109375
0 0.684375 0.528125 0.021875 0.0640625
0 0.696875 0.53046875 0.02890625 0.075
0 0.76640625 0.58125 0.01171875 0.03125
0 0.65859375 0.23203125 0.04140625 0.1234375
0 0.58671875 0.1359375 0.009375 0.025
0 0.9296875 0.16484375 0.03984375 0.14296875
0 0.9140625 0.3109375 0.0171875 0.08203125
0 0.93984375 0.41171875 0.0203125 0.06171875
0 0.95078125 0.334375 0.02109375 0.07265625
0 0.96640625 0.21640625 0.01171875 0.06640625
0 0.98203125 0.21953125 0.015625 0.06171875