0 0.29453125 0.23359375 0.0796875 0.21640625
0 0.21640625 0.47421875 0.0796875 0.21640625
0 0.425 0.3171875 0.0796875 0.21640625
0 0.34765625 0.56015625 0.0796875 0.21640625
0 0.459375 0.1828125 0.0078125 0.0234375
0 0.55703125 0.42578125 0.05390625 0.04296875
0 0.66796875 0.5046875 0.09765625 0.08203125
0 0.7890625 0.5859375 0.09375 0.06171875
0 0.8953125 0.6453125 0.05234375 0.04296875
0 0.97890625 0.63203125 0.02890625 0.02109375
0 0.9828125 0.609375 0.0234375 0.02421875
0 0.98828125 0.5796875 0.021875 0.02421875