0 0.21875 0.20390625 0.153125 0.15
0 0.51640625 0.06875 0.0359375 0.040625
0 0.55546875 0.03203125 0.03203125 0.034375
0 0.55703125 0.0125 0.04296875 0.0234375
0 0.87265625 0.77421875 0.0171875 0.0578125
0 0.815625 0.75 0.0078125 0.01796875
0 0.81171875 0.77109375 0.00625 0.0171875
0 0.82109375 0.76484375 0.009375 0.0234375
0 0.83671875 0.76328125 0.01171875 0.03828125
0 0.859375 0.7796875 0.01328125 0.0390625
0 0.90703125 0.79375 0.01484375 0.0453125
0 0.91953125 0.7984375 0.0140625 0.04375
0 0.93046875 0.80625 0.0125 0.03515625
0 0.9515625 0.82109375 0.009375 0.02578125
0 0.9703125 0.82890625 0.01015625 0.021875
0 0.80546875 0.81640625 0.01484375 0.04609375
0 0.8375 0.82734375 0.0171875 0.05234375
0 0.8515625 0.83828125 0.01796875 0.05625
0 0.88046875 0.84765625 0.02109375 0.0578125
0 0.9109375 0.8609375 0.01796875 0.05234375
0 0.9265625 0.86953125 0.01328125 0.05234375
0 0.9421875 0.875 0.01796875 0.05
0 0.95625 0.87265625 0.01796875 0.04921875
0 0.97109375 0.8875 0.021875 0.06328125
0 0.9875 0.8921875 0.01796875 0.06484375
0 0.74765625 0.9515625 0.01328125 0.03046875
0 0.759375 0.95703125 0.01484375 0.0390625
0 0.77109375 0.9625 0.0140625 0.03828125
0 0.78515625 0.9671875 0.0140625 0.0390625
0 0.7984375 0.96796875 0.0125 0.040625
0 0.81015625 0.978125 0.01328125 0.034375
0 0.82109375 0.98046875 0.0140625 0.03671875
0 0.48828125 0.48203125 0.44453125 0.45390625