0 0.26328125 0.78046875 0.02265625 0.02109375
0 0.39453125 0.70703125 0.025 0.04296875
0 0.42421875 0.7171875 0.01875 0.03203125
0 0.39921875 0.734375 0.01875 0.03359375
0 0.3515625 0.7625 0.03125 0.02421875
0 0.3421875 0.79609375 0.02734375 0.02109375
0 0.32734375 0.82265625 0.0234375 0.02265625
0 0.38046875 0.815625 0.0265625 0.02109375
0 0.3671875 0.84296875 0.02734375 0.02265625
0 0.21640625 0.425 0.06796875 0.11953125
0 0.15234375 0.56796875 0.0640625 0.11796875
0 0.19140625 0.728125 0.096875 0.078125