0 0.31171875 0.63125 0.16328125 0.3890625
0 0.41796875 0.88359375 0.0546875 0.1125
0 0.38671875 0.6015625 0.14921875 0.340625
0 0.5140625 0.5484375 0.14453125 0.33828125
0 0.684375 0.73203125 0.01484375 0.02734375
0 0.6609375 0.36015625 0.20390625 0.4765625
0 0.890625 0.3078125 0.01953125 0.03828125
0 0.93984375 0.28984375 0.028125 0.059375
0 0.98125 0.403125 0.0359375 0.10703125
0 0.17421875 0.5109375 0.01015625 0.0171875
0 0.190625 0.55546875 0.00625 0.0171875
0 0.20703125 0.59453125 0.0078125 0.0234375