0 0.5921875 0.328125 0.14453125 0.2890625
0 0.38828125 0.74453125 0.15390625 0.30234375
0 0.46796875 0.82109375 0.16640625 0.3265625
0 0.68515625 0.4125 0.2109375 0.4015625
0 0.35390625 0.1625 0.165625 0.32265625
0 0.1890625 0.3546875 0.078125 0.15859375
0 0.21328125 0.36875 0.0828125 0.15234375
0 0.1046875 0.41171875 0.07109375 0.04921875
0 0.06328125 0.12578125 0.06640625 0.13046875
0 0.0265625 0.3765625 0.05234375 0.04453125
0 0.0140625 0.2328125 0.02578125 0.059375
0 0.11484375 0.0265625 0.0375 0.05078125