0 0.58359375 0.37109375 0.4140625 0.2265625
0 0.7140625 0.1875 0.05859375 0.046875
0 0.05390625 0.1046875 0.01484375 0.01953125
0 0.0640625 0.115625 0.01484375 0.0171875
0 0.06796875 0.125 0.01328125 0.01640625
0 0.07421875 0.1296875 0.01640625 0.025
0 0.08984375 0.153125 0.01328125 0.01875
0 0.1015625 0.16484375 0.01328125 0.01640625
0 0.14375 0.0484375 0.01015625 0.01640625
0 0.16640625 0.06328125 0.0140625 0.01875
0 0.14921875 0.08203125 0.0125 0.01875
0 0.14375 0.0875 0.01015625 0.01484375
0 0.140625 0.096875 0.01328125 0.01875
0 0.13515625 0.10390625 0.0109375 0.01875
0 0.1296875 0.11015625 0.01328125 0.01640625
0 0.1140625 0.0921875 0.0125 0.01484375
0 0.125 0.08046875 0.01015625 0.01328125
0 0.85703125 0.8109375 0.04921875 0.0234375