0 0.1515625 0.2875 0.19140625 0.5734375
0 0.08984375 0.09296875 0.0859375 0.18359375
0 0.4359375 0.25703125 0.14921875 0.4609375
0 0.51796875 0.29765625 0.14375 0.45859375
0 0.34765625 0.65078125 0.07890625 0.2578125
0 0.16171875 0.75390625 0.184375 0.11796875
0 0.8140625 0.3828125 0.10546875 0.353125
0 0.70234375 0.8078125 0.10703125 0.353125
0 0.77265625 0.82421875 0.0984375 0.33515625
0 0.8859375 0.39375 0.1015625 0.33046875
0 0.42109375 0.63984375 0.04296875 0.13125
0 0.440625 0.64921875 0.040625 0.1296875