0 0.12421875 0.4078125 0.10390625 0.36484375
0 0.16875 0.63828125 0.06796875 0.0421875
0 0.24375 0.63203125 0.07421875 0.03984375
0 0.3140625 0.54375 0.05703125 0.17109375
0 0.42109375 0.0609375 0.03359375 0.078125
0 0.5796875 0.05546875 0.0140625 0.03828125
0 0.5875 0.059375 0.01015625 0.0265625
0 0.60703125 0.125 0.03203125 0.1109375
0 0.55078125 0.221875 0.034375 0.10859375
0 0.56640625 0.23046875 0.034375 0.10859375
0 0.58125 0.23828125 0.0296875 0.11171875
0 0.48828125 0.67265625 0.015625 0.0421875
0 0.45 0.79609375 0.0421875 0.14453125
0 0.50546875 0.77734375 0.0515625 0.16953125
0 0.46796875 0.91640625 0.034375 0.10234375
0 0.73046875 0.80625 0.03203125 0.05078125
0 0.65234375 0.24765625 0.0234375 0.06640625
0 0.86015625 0.425 0.10078125 0.390625
0 0.55390625 0.08046875 0.015625 0.00859375