0 0.24453125 0.2890625 0.3015625 0.396875
0 0.14453125 0.18203125 0.20703125 0.25703125
0 0.2578125 0.7640625 0.0265625 0.04765625
0 0.434375 0.590625 0.253125 0.34453125
0 0.63046875 0.40625 0.11328125 0.1375
0 0.6515625 0.4359375 0.1125 0.15
0 0.79765625 0.37265625 0.1265625 0.1265625
0 0.78671875 0.41640625 0.134375 0.1328125
0 0.846875 0.61328125 0.09765625 0.1265625
0 0.74921875 0.74140625 0.09453125 0.12421875
0 0.65234375 0.86640625 0.09453125 0.12421875
0 0.4328125 0.02109375 0.0546875 0.03984375