0 0.26171875 0.3421875 0.13828125 0.34296875
0 0.35625 0.2625 0.146875 0.34375
0 0.54453125 0.75546875 0.146875 0.34375
0 0.4453125 0.82265625 0.1390625 0.33984375
0 0.384375 0.7640625 0.0484375 0.11171875
0 0.015625 0.28984375 0.021875 0.02578125
0 0.42265625 0.48046875 0.02109375 0.04140625
0 0.69453125 0.18046875 0.08359375 0.18125
0 0.7171875 0.15625 0.08359375 0.18125
0 0.85546875 0.77890625 0.0265625 0.028125
0 0.9203125 0.753125 0.01640625 0.01953125
0 0.77734375 0.5046875 0.1765625 0.39921875