0 0.11484375 0.50859375 0.109375 0.190625
0 0.13046875 0.53125 0.1140625 0.19453125
0 0.18125 0.60078125 0.1125 0.18203125
0 0.29140625 0.2671875 0.11484375 0.1859375
0 0.70078125 0.54140625 0.228125 0.3703125
0 0.77109375 0.63515625 0.225 0.36015625
0 0.25 0.3078125 0.03203125 0.04296875
0 0.5765625 0.9359375 0.11171875 0.1265625
0 0.6265625 0.95546875 0.0765625 0.084375
0 0.359375 0.27578125 0.01640625 0.02734375
0 0.46015625 0.11484375 0.0125 0.028125
0 0.51171875 0.03125 0.01640625 0.0296875