0 0.40546875 0.62265625 0.515625 0.24140625
0 0.165625 0.934375 0.059375 0.03046875
0 0.23828125 0.01484375 0.0375 0.02734375
0 0.24921875 0.02734375 0.03359375 0.03671875
0 0.2609375 0.06015625 0.02890625 0.02734375
0 0.27265625 0.0921875 0.02734375 0.02421875
0 0.2859375 0.10390625 0.01875 0.01875
0 0.2875 0.009375 0.0296875 0.01640625
0 0.29765625 0.02109375 0.0359375 0.03359375
0 0.30546875 0.0390625 0.03359375 0.0375
0 0.321875 0.07890625 0.0328125 0.03046875
0 0.41953125 0.0265625 0.02265625 0.02265625
0 0.4296875 0.04375 0.02109375 0.01875
0 0.4671875 0.02734375 0.021875 0.0203125