0 0.18359375 0.14375 0.10234375 0.28515625
0 0.28359375 0.05625 0.03671875 0.11015625
0 0.3140625 0.07109375 0.0421875 0.1296875
0 0.10546875 0.959375 0.09140625 0.05703125
0 0.525 0.81953125 0.15234375 0.08359375
0 0.915625 0.75234375 0.121875 0.08046875
0 0.77890625 0.42890625 0.05078125 0.1296875
0 0.7015625 0.06328125 0.04296875 0.125
0 0.259375 0.6078125 0.0734375 0.475
0 0.3359375 0.58125 0.0734375 0.475
0 0.62265625 0.57421875 0.06875 0.4125
0 0.66796875 0.5671875 0.0671875 0.40625
0 0.75390625 0.52890625 0.075 0.46015625