0 0.20390625 0.73515625 0.01484375 0.22109375
0 0.2671875 0.68203125 0.01484375 0.22109375
0 0.31796875 0.89375 0.0109375 0.053125
0 0.36328125 0.86328125 0.0109375 0.0375
0 0.4546875 0.74296875 0.015625 0.22578125
0 0.44453125 0.31328125 0.01328125 0.20859375
0 0.50625 0.2984375 0.01640625 0.20078125
0 0.51953125 0.871875 0.02109375 0.01484375
0 0.64140625 0.83359375 0.00703125 0.0265625
0 0.6578125 0.82890625 0.00859375 0.03984375
0 0.66640625 0.8296875 0.01015625 0.04140625
0 0.65703125 0.88046875 0.0078125 0.04140625
0 0.665625 0.8828125 0.00859375 0.04375
0 0.7390625 0.853125 0.0234375 0.1171875
0 0.8140625 0.6984375 0.0140625 0.04921875
0 0.82578125 0.7046875 0.01015625 0.04921875
0 0.8453125 0.6390625 0.0609375 0.02421875
0 0.8765625 0.5796875 0.01484375 0.075
0 0.88984375 0.58125 0.01875 0.0859375
0 0.81875 0.2703125 0.02578125 0.121875
0 0.634375 0.83359375 0.00703125 0.02421875
0 0.6390625 0.87109375 0.00859375 0.01953125