0 0.2078125 0.21796875 0.0265625 0.11171875
0 0.01328125 0.2265625 0.0140625 0.05625
0 0.028125 0.18203125 0.021875 0.10078125
0 0.11875 0.16953125 0.01484375 0.08671875
0 0.26484375 0.15625 0.0171875 0.06484375
0 0.2828125 0.17421875 0.009375 0.05859375
0 0.284375 0.23125 0.0125 0.05078125
0 0.11015625 0.68828125 0.0171875 0.05
0 0.27265625 0.86484375 0.0265625 0.0921875
0 0.8171875 0.203125 0.0109375 0.01953125
0 0.83984375 0.1859375 0.021875 0.021875
0 0.8421875 0.17109375 0.01953125 0.0203125
0 0.84921875 0.15546875 0.034375 0.05234375
0 0.86171875 0.1453125 0.03125 0.04296875
0 0.871875 0.13828125 0.025 0.04296875
0 0.878125 0.11953125 0.0265625 0.03984375
0 0.89765625 0.10234375 0.021875 0.03671875
0 0.9078125 0.0921875 0.02265625 0.03515625
0 0.8546875 0.24453125 0.02578125 0.04140625
0 0.86953125 0.23203125 0.0296875 0.0453125
0 0.875 0.209375 0.03203125 0.04375
0 0.9515625 0.10859375 0.02734375 0.03984375
0 0.97265625 0.07890625 0.03046875 0.0484375
0 0.8875 0.196875 0.0265625 0.0484375
0 0.984375 0.0671875 0.02734375 0.04609375
0 0.89921875 0.36953125 0.021875 0.02890625
0 0.91171875 0.35859375 0.01953125 0.03046875
0 0.9171875 0.34375 0.0234375 0.03515625
0 0.9296875 0.33671875 0.02265625 0.0375
0 0.93515625 0.31796875 0.02421875 0.03984375
0 0.9453125 0.31171875 0.01953125 0.03125
0 0.9546875 0.30078125 0.02421875 0.03515625
0 0.965625 0.28671875 0.015625 0.0265625
0 0.9890625 0.259375 0.015625 0.02421875
0 0.9203125 0.41640625 0.01953125 0.028125
0 0.9265625 0.40546875 0.0171875 0.02578125
0 0.94921875 0.37578125 0.01484375 0.02421875
0 0.96796875 0.35390625 0.0171875 0.0265625
0 0.9734375 0.34375 0.0171875 0.02578125
0 0.9875 0.32265625 0.01875 0.028125
0 0.97734375 0.4796875 0.01640625 0.0234375
0 0.98046875 0.4671875 0.01796875 0.02890625