0 0.11796875 0.31328125 0.06640625 0.05546875
0 0.25390625 0.31953125 0.059375 0.11328125
0 0.2546875 0.925 0.0625 0.11328125
0 0.315625 0.29921875 0.1 0.190625
0 0.425 0.63203125 0.08359375 0.18671875
0 0.5078125 0.85859375 0.08359375 0.18671875
0 0.53671875 0.83359375 0.08125 0.190625
0 0.58828125 0.22890625 0.06171875 0.115625
0 0.65625 0.2328125 0.16484375 0.40859375
0 0.8375 0.6921875 0.17109375 0.39765625
0 0.22890625 0.9421875 0.06640625 0.11328125
0 0.56171875 0.9734375 0.0375 0.05078125
0 0.59765625 0.96953125 0.04765625 0.059375