0 0.815625 0.05078125 0.0125 0.03515625
0 0.65078125 0.2734375 0.12421875 0.21328125
0 0.80859375 0.09296875 0.01875 0.0375
0 0.75390625 0.103125 0.040625 0.02265625
0 0.7578125 0.1265625 0.05859375 0.03359375
0 0.678125 0.153125 0.08203125 0.04921875
0 0.60546875 0.26015625 0.03203125 0.06640625
0 0.640625 0.3390625 0.05 0.10078125
0 0.61875 0.3546875 0.04296875 0.09765625
0 0.71328125 0.50859375 0.08984375 0.21328125
0 0.78984375 0.71640625 0.115625 0.07578125
0 0.77265625 0.01484375 0.0265625 0.0203125