0 0.1265625 0.5546875 0.05546875 0.2296875
0 0.18828125 0.57578125 0.05546875 0.21875
0 0.59296875 0.8921875 0.0359375 0.10625
0 0.396875 0.8453125 0.0234375 0.0171875
0 0.57578125 0.89765625 0.01484375 0.034375
0 0.61171875 0.91328125 0.03671875 0.1078125
0 0.73203125 0.8390625 0.0078125 0.01796875
0 0.76171875 0.7515625 0.06015625 0.03515625
0 0.815625 0.71640625 0.02265625 0.0828125
0 0.81640625 0.64140625 0.02265625 0.0828125
0 0.67265625 0.51640625 0.12421875 0.4421875
0 0.715625 0.82890625 0.01640625 0.034375
0 0.725 0.83359375 0.0171875 0.03203125