0 0.16015625 0.31796875 0.03515625 0.3265625
0 0.0921875 0.515625 0.1125 0.5765625
0 0.184375 0.74375 0.0359375 0.3140625
0 0.54296875 0.73984375 0.03671875 0.31171875
0 0.47890625 0.7578125 0.0375 0.303125
0 0.4546875 0.25 0.03515625 0.3046875
0 0.53203125 0.30234375 0.04765625 0.38671875
0 0.8328125 0.6640625 0.0390625 0.384375
0 0.8828125 0.2125 0.05234375 0.346875
0 0.89921875 0.6484375 0.03828125 0.34921875
0 0.33515625 0.92890625 0.184375 0.0375
0 0.69296875 0.89453125 0.184375 0.0375
0 0.81953125 0.20546875 0.04453125 0.3046875