0 0.37578125 0.36875 0.28515625 0.1
0 0.6625 0.4140625 0.0140625 0.0140625
0 0.8875 0.915625 0.05703125 0.03359375
0 0.9578125 0.89296875 0.02734375 0.021875
0 0.8703125 0.9546875 0.01171875 0.0359375
0 0.884375 0.953125 0.009375 0.03359375
0 0.89375 0.95390625 0.01484375 0.04765625
0 0.9078125 0.94765625 0.01328125 0.04296875
0 0.93046875 0.9390625 0.01484375 0.04375
0 0.9421875 0.93125 0.01171875 0.04140625
0 0.95546875 0.9265625 0.009375 0.0296875
0 0.9640625 0.92421875 0.009375 0.03515625
0 0.97890625 0.92109375 0.0125 0.04140625
0 0.990625 0.91875 0.0140625 0.0390625
0 0.85390625 0.959375 0.00859375 0.0375